1.011999999999999983e-01
2.326000000000000012e-01
3.635999999999999788e-01
1.137999999999999984e-01
5.439999999999999697e-02
3.119999999999999857e-02
2.319999999999999840e-02
2.280000000000000082e-02
3.180000000000000188e-02
1.816000000000000114e-01
4.202000000000000179e-01
2.474000000000000088e-01
9.039999999999999425e-02
5.279999999999999971e-02
6.439999999999999891e-02
1.623999999999999888e-01
2.469999999999999973e-01
1.587999999999999967e-01
9.779999999999999805e-02
8.820000000000000062e-02
9.740000000000000047e-02
9.760000000000000620e-02
9.840000000000000135e-02
8.659999999999999643e-02
6.900000000000000577e-02
5.539999999999999786e-02
3.799999999999999906e-02
2.699999999999999969e-02
1.660000000000000017e-02
8.399999999999999481e-03
4.199999999999999740e-03
1.600000000000000077e-03
3.839999999999999664e-02
1.448000000000000120e-01
3.609999999999999876e-01
4.780000000000000221e-02
3.119999999999999857e-02
2.280000000000000082e-02
1.519999999999999997e-02
9.199999999999999845e-03
1.099999999999999936e-02
3.210000000000000075e-01
3.376000000000000112e-01
7.000000000000000666e-02
2.179999999999999993e-02
3.860000000000000236e-02
1.062000000000000027e-01
1.701999999999999902e-01
1.262000000000000066e-01
5.979999999999999899e-02
6.539999999999999980e-02
6.300000000000000044e-02
6.660000000000000642e-02
6.320000000000000617e-02
6.759999999999999343e-02
6.479999999999999649e-02
5.020000000000000157e-02
4.220000000000000140e-02
2.980000000000000010e-02
2.199999999999999872e-02
1.299999999999999940e-02
6.599999999999999964e-03
2.399999999999999790e-03
4.000000000000000192e-04
2.779999999999999832e-02
8.640000000000000457e-02
2.301999999999999880e-01
2.299999999999999961e-02
1.580000000000000154e-02
1.439999999999999961e-02
1.179999999999999973e-02
7.000000000000000146e-03
8.200000000000000691e-03
2.918000000000000038e-01
1.212000000000000022e-01
1.519999999999999997e-02
1.200000000000000025e-02
4.660000000000000253e-02
1.607999999999999985e-01
7.099999999999999367e-02
2.659999999999999865e-02
3.359999999999999792e-02
3.540000000000000091e-02
4.379999999999999866e-02
4.059999999999999720e-02
3.760000000000000148e-02
3.640000000000000180e-02
4.139999999999999930e-02
3.640000000000000180e-02
3.160000000000000309e-02
2.620000000000000107e-02
2.040000000000000147e-02
1.319999999999999993e-02
7.799999999999999642e-03
1.600000000000000077e-03
2.000000000000000096e-04
1.919999999999999832e-02
8.400000000000000522e-02
2.149999999999999967e-01
1.799999999999999864e-02
1.880000000000000074e-02
1.600000000000000033e-02
1.060000000000000005e-02
7.400000000000000328e-03
5.400000000000000286e-03
2.644000000000000239e-01
1.096000000000000030e-01
1.340000000000000045e-02
2.800000000000000058e-02
9.039999999999999425e-02
1.373999999999999944e-01
1.940000000000000058e-02
2.139999999999999888e-02
2.879999999999999921e-02
3.259999999999999704e-02
3.640000000000000180e-02
3.320000000000000034e-02
3.379999999999999671e-02
3.039999999999999994e-02
3.280000000000000276e-02
3.239999999999999825e-02
2.680000000000000090e-02
2.419999999999999929e-02
2.100000000000000130e-02
1.179999999999999973e-02
6.400000000000000307e-03
1.399999999999999986e-03
4.000000000000000192e-04
1.080000000000000057e-02
6.419999999999999318e-02
2.026000000000000023e-01
9.799999999999999684e-03
1.480000000000000066e-02
1.779999999999999985e-02
1.299999999999999940e-02
8.200000000000000691e-03
5.400000000000000286e-03
2.494000000000000106e-01
1.107999999999999957e-01
3.420000000000000123e-02
9.600000000000000200e-02
1.436000000000000054e-01
7.180000000000000271e-02
1.720000000000000001e-02
2.120000000000000009e-02
2.599999999999999881e-02
2.840000000000000163e-02
3.160000000000000309e-02
2.920000000000000026e-02
2.960000000000000131e-02
3.020000000000000115e-02
2.460000000000000034e-02
2.620000000000000107e-02
2.620000000000000107e-02
2.359999999999999945e-02
2.040000000000000147e-02
1.280000000000000061e-02
7.000000000000000146e-03
1.799999999999999951e-03
0.000000000000000000e+00
9.799999999999999684e-03
4.560000000000000164e-02
2.000000000000000111e-01
6.880000000000000004e-02
1.940000000000000058e-02
2.319999999999999840e-02
1.679999999999999896e-02
8.999999999999999320e-03
4.799999999999999580e-03
2.411999999999999977e-01
1.102000000000000063e-01
5.779999999999999721e-02
1.670000000000000095e-01
6.859999999999999432e-02
1.060000000000000005e-02
1.319999999999999993e-02
1.640000000000000138e-02
1.980000000000000163e-02
2.179999999999999993e-02
2.539999999999999897e-02
2.639999999999999986e-02
2.400000000000000050e-02
2.980000000000000010e-02
2.639999999999999986e-02
2.419999999999999929e-02
2.340000000000000066e-02
2.239999999999999977e-02
1.739999999999999880e-02
1.359999999999999924e-02
5.599999999999999943e-03
1.000000000000000021e-03
2.000000000000000096e-04
2.060000000000000026e-02
3.799999999999999906e-02
1.749999999999999889e-01
2.126000000000000112e-01
3.780000000000000027e-02
3.039999999999999994e-02
1.980000000000000163e-02
1.179999999999999973e-02
7.199999999999999803e-03
2.323999999999999955e-01
1.340000000000000080e-01
1.049999999999999961e-01
1.474000000000000032e-01
8.999999999999999320e-03
1.039999999999999952e-02
1.200000000000000025e-02
1.460000000000000013e-02
1.400000000000000029e-02
1.839999999999999969e-02
2.199999999999999872e-02
2.139999999999999888e-02
1.859999999999999848e-02
2.319999999999999840e-02
2.500000000000000139e-02
2.359999999999999945e-02
2.079999999999999905e-02
2.199999999999999872e-02
1.700000000000000122e-02
1.460000000000000013e-02
7.400000000000000328e-03
1.799999999999999951e-03
8.000000000000000383e-04
2.100000000000000130e-02
2.419999999999999929e-02
7.920000000000000651e-02
2.107999999999999874e-01
3.540000000000000091e-02
3.939999999999999752e-02
3.080000000000000099e-02
1.420000000000000082e-02
6.799999999999999621e-03
2.167999999999999927e-01
1.865999999999999881e-01
1.652000000000000135e-01
7.820000000000000562e-02
7.000000000000000146e-03
9.799999999999999684e-03
7.199999999999999803e-03
9.599999999999999159e-03
8.800000000000000530e-03
1.159999999999999920e-02
1.839999999999999969e-02
2.139999999999999888e-02
1.839999999999999969e-02
2.019999999999999921e-02
2.000000000000000042e-02
1.919999999999999832e-02
1.940000000000000058e-02
1.779999999999999985e-02
1.619999999999999912e-02
1.359999999999999924e-02
6.199999999999999782e-03
1.399999999999999986e-03
8.000000000000000383e-04
2.239999999999999977e-02
2.340000000000000066e-02
7.620000000000000384e-02
2.043999999999999984e-01
3.660000000000000059e-02
4.359999999999999987e-02
4.259999999999999898e-02
2.340000000000000066e-02
2.220000000000000098e-02
1.801999999999999991e-01
2.240000000000000047e-01
1.547999999999999932e-01
2.599999999999999881e-02
1.159999999999999920e-02
7.799999999999999642e-03
6.799999999999999621e-03
7.599999999999999985e-03
7.599999999999999985e-03
8.399999999999999481e-03
1.060000000000000005e-02
1.340000000000000045e-02
1.340000000000000045e-02
1.519999999999999997e-02
1.739999999999999880e-02
1.820000000000000090e-02
1.720000000000000001e-02
1.679999999999999896e-02
1.319999999999999993e-02
1.159999999999999920e-02
8.200000000000000691e-03
2.399999999999999790e-03
5.999999999999999474e-04
2.100000000000000130e-02
2.120000000000000009e-02
7.000000000000000666e-02
1.978000000000000036e-01
3.459999999999999881e-02
4.179999999999999688e-02
4.839999999999999858e-02
4.479999999999999954e-02
4.299999999999999656e-02
4.540000000000000285e-02
1.083999999999999964e-01
2.159999999999999976e-01
1.897999999999999965e-01
1.069999999999999979e-01
2.860000000000000042e-02
1.540000000000000049e-02
5.400000000000000286e-03
3.200000000000000153e-03
4.199999999999999740e-03
5.799999999999999600e-03
6.799999999999999621e-03
8.200000000000000691e-03
1.260000000000000009e-02
1.720000000000000001e-02
1.720000000000000001e-02
1.600000000000000033e-02
1.700000000000000122e-02
1.540000000000000049e-02
1.080000000000000057e-02
6.400000000000000307e-03
2.399999999999999790e-03
8.000000000000000383e-04
2.019999999999999921e-02
2.139999999999999888e-02
6.679999999999999827e-02
1.874000000000000110e-01
2.400000000000000050e-02
3.640000000000000180e-02
5.040000000000000036e-02
5.879999999999999810e-02
5.739999999999999963e-02
5.179999999999999882e-02
6.379999999999999560e-02
7.739999999999999658e-02
1.302000000000000102e-01
2.177999999999999936e-01
1.892000000000000071e-01
1.165999999999999953e-01
4.259999999999999898e-02
1.319999999999999993e-02
3.200000000000000153e-03
4.199999999999999740e-03
4.199999999999999740e-03
6.199999999999999782e-03
8.999999999999999320e-03
1.020000000000000073e-02
1.220000000000000077e-02
1.159999999999999920e-02
1.280000000000000061e-02
1.379999999999999977e-02
9.599999999999999159e-03
5.599999999999999943e-03
1.399999999999999986e-03
1.199999999999999895e-03
1.859999999999999848e-02
1.600000000000000033e-02
6.099999999999999867e-02
1.816000000000000114e-01
1.720000000000000001e-02
3.080000000000000099e-02
5.000000000000000278e-02
5.399999999999999939e-02
5.559999999999999665e-02
5.460000000000000270e-02
5.559999999999999665e-02
5.380000000000000060e-02
7.080000000000000182e-02
8.060000000000000497e-02
1.194000000000000061e-01
2.033999999999999975e-01
2.091999999999999971e-01
2.353999999999999981e-01
2.268000000000000016e-01
1.942000000000000115e-01
5.419999999999999818e-02
3.599999999999999901e-03
4.799999999999999580e-03
6.000000000000000125e-03
9.799999999999999684e-03
1.159999999999999920e-02
1.099999999999999936e-02
1.260000000000000009e-02
7.400000000000000328e-03
5.000000000000000104e-03
1.399999999999999986e-03
1.199999999999999895e-03
1.739999999999999880e-02
1.299999999999999940e-02
4.379999999999999866e-02
1.797999999999999876e-01
6.880000000000000004e-02
3.300000000000000155e-02
4.279999999999999777e-02
5.079999999999999793e-02
5.360000000000000181e-02
5.619999999999999996e-02
6.119999999999999746e-02
5.700000000000000205e-02
5.800000000000000294e-02
5.680000000000000326e-02
6.300000000000000044e-02
7.660000000000000142e-02
1.055999999999999994e-01
1.845999999999999863e-01
2.200000000000000011e-01
3.018000000000000127e-01
2.217999999999999972e-01
1.461999999999999966e-01
5.739999999999999963e-02
3.000000000000000062e-03
3.799999999999999992e-03
7.799999999999999642e-03
1.000000000000000021e-02
9.400000000000000369e-03
4.799999999999999580e-03
4.199999999999999740e-03
1.000000000000000021e-03
1.199999999999999895e-03
1.980000000000000163e-02
2.179999999999999993e-02
3.059999999999999873e-02
1.497999999999999887e-01
1.864000000000000101e-01
4.780000000000000221e-02
4.660000000000000253e-02
5.399999999999999939e-02
5.600000000000000117e-02
5.820000000000000173e-02
5.979999999999999899e-02
5.480000000000000149e-02
5.759999999999999842e-02
6.260000000000000286e-02
5.319999999999999729e-02
4.100000000000000172e-02
4.320000000000000229e-02
3.520000000000000212e-02
5.299999999999999850e-02
1.812000000000000000e-01
2.031999999999999917e-01
1.675999999999999990e-01
1.446000000000000063e-01
4.200000000000000261e-02
3.200000000000000153e-03
2.599999999999999881e-03
4.199999999999999740e-03
6.199999999999999782e-03
4.199999999999999740e-03
4.400000000000000265e-03
1.600000000000000077e-03
2.000000000000000096e-04
1.439999999999999961e-02
2.440000000000000155e-02
2.179999999999999993e-02
6.759999999999999343e-02
1.847999999999999921e-01
3.980000000000000204e-02
4.639999999999999680e-02
4.660000000000000253e-02
5.360000000000000181e-02
5.360000000000000181e-02
5.820000000000000173e-02
5.360000000000000181e-02
5.319999999999999729e-02
5.580000000000000238e-02
4.920000000000000068e-02
4.719999999999999890e-02
3.939999999999999752e-02
2.259999999999999856e-02
1.679999999999999896e-02
6.779999999999999916e-02
1.580000000000000016e-01
1.534000000000000086e-01
1.320000000000000062e-01
1.648000000000000020e-01
1.343999999999999917e-01
4.739999999999999769e-02
3.200000000000000153e-03
3.599999999999999901e-03
3.200000000000000153e-03
3.200000000000000153e-03
2.200000000000000133e-03
8.000000000000000383e-04
1.099999999999999936e-02
1.959999999999999937e-02
2.179999999999999993e-02
5.720000000000000084e-02
1.710000000000000131e-01
3.059999999999999873e-02
4.359999999999999987e-02
4.460000000000000075e-02
4.859999999999999737e-02
5.000000000000000278e-02
5.240000000000000213e-02
5.220000000000000334e-02
5.360000000000000181e-02
5.419999999999999818e-02
5.179999999999999882e-02
4.320000000000000229e-02
4.220000000000000140e-02
3.740000000000000269e-02
2.659999999999999865e-02
2.179999999999999993e-02
2.000000000000000042e-02
5.220000000000000334e-02
1.287999999999999978e-01
2.030000000000000138e-01
1.855999999999999872e-01
1.393999999999999961e-01
3.740000000000000269e-02
4.199999999999999740e-03
4.799999999999999580e-03
2.799999999999999972e-03
2.000000000000000042e-03
1.199999999999999895e-03
9.599999999999999159e-03
1.480000000000000066e-02
2.040000000000000147e-02
6.279999999999999472e-02
1.675999999999999990e-01
2.639999999999999986e-02
3.839999999999999664e-02
4.320000000000000229e-02
4.599999999999999922e-02
4.580000000000000043e-02
4.560000000000000164e-02
4.619999999999999801e-02
4.760000000000000342e-02
4.939999999999999947e-02
5.059999999999999915e-02
4.120000000000000051e-02
4.019999999999999962e-02
4.059999999999999720e-02
3.420000000000000123e-02
2.879999999999999921e-02
2.120000000000000009e-02
1.280000000000000061e-02
4.460000000000000075e-02
1.459999999999999909e-01
1.768000000000000127e-01
1.270000000000000018e-01
1.371999999999999886e-01
1.082000000000000045e-01
8.999999999999999320e-03
3.799999999999999992e-03
2.000000000000000042e-03
8.000000000000000383e-04
8.399999999999999481e-03
1.340000000000000045e-02
1.739999999999999880e-02
6.180000000000000077e-02
1.650000000000000078e-01
2.340000000000000066e-02
2.819999999999999937e-02
3.520000000000000212e-02
3.919999999999999873e-02
4.340000000000000108e-02
4.660000000000000253e-02
4.460000000000000075e-02
4.120000000000000051e-02
4.819999999999999979e-02
4.560000000000000164e-02
4.019999999999999962e-02
4.039999999999999841e-02
3.699999999999999817e-02
3.379999999999999671e-02
2.980000000000000010e-02
2.319999999999999840e-02
1.820000000000000090e-02
1.239999999999999956e-02
3.640000000000000180e-02
1.383999999999999952e-01
6.180000000000000077e-02
7.639999999999999569e-02
1.310000000000000053e-01
7.400000000000000328e-03
4.799999999999999580e-03
2.000000000000000042e-03
8.000000000000000383e-04
6.199999999999999782e-03
9.400000000000000369e-03
1.060000000000000005e-02
4.819999999999999979e-02
1.519999999999999962e-01
1.899999999999999953e-02
2.639999999999999986e-02
2.960000000000000131e-02
3.540000000000000091e-02
3.699999999999999817e-02
3.939999999999999752e-02
3.939999999999999752e-02
3.960000000000000325e-02
4.019999999999999962e-02
3.899999999999999994e-02
4.000000000000000083e-02
4.000000000000000083e-02
3.579999999999999849e-02
2.920000000000000026e-02
2.920000000000000026e-02
2.500000000000000139e-02
2.400000000000000050e-02
1.700000000000000122e-02
8.200000000000000691e-03
1.120000000000000023e-01
8.359999999999999376e-02
4.240000000000000019e-02
1.121999999999999942e-01
7.400000000000000328e-03
4.400000000000000265e-03
1.799999999999999951e-03
1.199999999999999895e-03
4.199999999999999740e-03
7.799999999999999642e-03
6.799999999999999621e-03
4.000000000000000083e-02
1.409999999999999865e-01
1.239999999999999956e-02
2.199999999999999872e-02
2.800000000000000058e-02
3.320000000000000034e-02
3.719999999999999696e-02
3.520000000000000212e-02
3.440000000000000002e-02
3.740000000000000269e-02
3.839999999999999664e-02
3.740000000000000269e-02
3.180000000000000188e-02
3.239999999999999825e-02
3.300000000000000155e-02
3.039999999999999994e-02
2.939999999999999905e-02
2.479999999999999913e-02
2.100000000000000130e-02
1.640000000000000138e-02
1.080000000000000057e-02
5.020000000000000157e-02
1.044000000000000067e-01
5.480000000000000149e-02
1.024000000000000049e-01
8.600000000000000006e-03
5.199999999999999761e-03
1.399999999999999986e-03
1.399999999999999986e-03
2.399999999999999790e-03
6.599999999999999964e-03
7.000000000000000146e-03
2.719999999999999848e-02
1.325999999999999956e-01
5.179999999999999882e-02
1.839999999999999969e-02
2.599999999999999881e-02
2.860000000000000042e-02
3.139999999999999736e-02
3.239999999999999825e-02
3.500000000000000333e-02
3.440000000000000002e-02
3.080000000000000099e-02
3.740000000000000269e-02
2.920000000000000026e-02
2.860000000000000042e-02
2.779999999999999832e-02
2.580000000000000002e-02
2.479999999999999913e-02
2.359999999999999945e-02
2.299999999999999961e-02
2.000000000000000042e-02
1.480000000000000066e-02
1.020000000000000073e-02
8.719999999999999973e-02
9.279999999999999361e-02
9.120000000000000329e-02
1.200000000000000025e-02
6.199999999999999782e-03
2.399999999999999790e-03
1.600000000000000077e-03
1.000000000000000021e-03
3.799999999999999992e-03
8.000000000000000167e-03
2.000000000000000042e-02
1.044000000000000067e-01
1.295999999999999930e-01
2.359999999999999945e-02
2.359999999999999945e-02
2.639999999999999986e-02
2.440000000000000155e-02
2.699999999999999969e-02
2.939999999999999905e-02
2.900000000000000147e-02
3.059999999999999873e-02
3.379999999999999671e-02
2.900000000000000147e-02
2.319999999999999840e-02
2.340000000000000066e-02
2.280000000000000082e-02
1.940000000000000058e-02
1.679999999999999896e-02
1.919999999999999832e-02
1.799999999999999864e-02
1.400000000000000029e-02
1.420000000000000082e-02
5.140000000000000124e-02
1.141999999999999960e-01
9.840000000000000135e-02
1.899999999999999953e-02
5.799999999999999600e-03
2.000000000000000042e-03
1.399999999999999986e-03
2.000000000000000096e-04
1.199999999999999895e-03
4.400000000000000265e-03
9.400000000000000369e-03
4.580000000000000043e-02
1.292000000000000093e-01
1.679999999999999896e-02
1.799999999999999864e-02
2.319999999999999840e-02
2.160000000000000114e-02
2.340000000000000066e-02
2.380000000000000171e-02
2.460000000000000034e-02
2.440000000000000155e-02
2.639999999999999986e-02
2.340000000000000066e-02
1.880000000000000074e-02
2.079999999999999905e-02
2.280000000000000082e-02
2.040000000000000147e-02
1.499999999999999944e-02
1.540000000000000049e-02
1.720000000000000001e-02
1.439999999999999961e-02
1.400000000000000029e-02
2.539999999999999897e-02
9.400000000000000022e-02
9.160000000000000087e-02
2.359999999999999945e-02
4.799999999999999580e-03
1.600000000000000077e-03
8.000000000000000383e-04
0.000000000000000000e+00
0.000000000000000000e+00
1.799999999999999951e-03
5.799999999999999600e-03
3.180000000000000188e-02
1.150000000000000050e-01
8.800000000000000530e-03
1.239999999999999956e-02
1.640000000000000138e-02
1.700000000000000122e-02
2.100000000000000130e-02
1.959999999999999937e-02
1.880000000000000074e-02
1.799999999999999864e-02
2.319999999999999840e-02
1.919999999999999832e-02
1.460000000000000013e-02
1.660000000000000017e-02
1.940000000000000058e-02
1.700000000000000122e-02
1.260000000000000009e-02
1.379999999999999977e-02
1.280000000000000061e-02
1.159999999999999920e-02
1.080000000000000057e-02
2.139999999999999888e-02
8.160000000000000586e-02
7.660000000000000142e-02
1.959999999999999937e-02
4.799999999999999580e-03
1.199999999999999895e-03
4.000000000000000192e-04
0.000000000000000000e+00
0.000000000000000000e+00
2.000000000000000096e-04
2.000000000000000042e-03
1.980000000000000163e-02
1.076000000000000012e-01
4.479999999999999954e-02
1.060000000000000005e-02
1.439999999999999961e-02
1.220000000000000077e-02
1.519999999999999997e-02
1.420000000000000082e-02
1.519999999999999997e-02
1.400000000000000029e-02
1.839999999999999969e-02
1.679999999999999896e-02
1.179999999999999973e-02
1.299999999999999940e-02
1.400000000000000029e-02
1.260000000000000009e-02
1.020000000000000073e-02
1.119999999999999989e-02
1.000000000000000021e-02
8.800000000000000530e-03
8.000000000000000167e-03
1.720000000000000001e-02
7.119999999999999940e-02
6.500000000000000222e-02
1.760000000000000106e-02
3.200000000000000153e-03
1.399999999999999986e-03
8.000000000000000383e-04
0.000000000000000000e+00
0.000000000000000000e+00
0.000000000000000000e+00
2.000000000000000096e-04
6.400000000000000307e-03
7.660000000000000142e-02
1.063999999999999946e-01
1.020000000000000073e-02
6.799999999999999621e-03
1.099999999999999936e-02
1.119999999999999989e-02
1.159999999999999920e-02
1.299999999999999940e-02
1.020000000000000073e-02
1.400000000000000029e-02
1.299999999999999940e-02
1.159999999999999920e-02
1.000000000000000021e-02
1.039999999999999952e-02
9.400000000000000369e-03
7.400000000000000328e-03
7.400000000000000328e-03
7.000000000000000146e-03
4.799999999999999580e-03
4.000000000000000083e-03
7.599999999999999985e-03
4.700000000000000011e-02
5.299999999999999850e-02
1.159999999999999920e-02
3.200000000000000153e-03
2.200000000000000133e-03
1.199999999999999895e-03
0.000000000000000000e+00
0.000000000000000000e+00
0.000000000000000000e+00
2.000000000000000096e-04
4.000000000000000192e-04
1.619999999999999912e-02
9.260000000000000175e-02
3.860000000000000236e-02
7.599999999999999985e-03
8.800000000000000530e-03
8.000000000000000167e-03
6.599999999999999964e-03
7.000000000000000146e-03
7.000000000000000146e-03
7.799999999999999642e-03
7.599999999999999985e-03
7.599999999999999985e-03
6.400000000000000307e-03
6.799999999999999621e-03
6.599999999999999964e-03
6.400000000000000307e-03
8.000000000000000167e-03
3.799999999999999992e-03
4.400000000000000265e-03
2.599999999999999881e-03
1.399999999999999986e-03
2.280000000000000082e-02
4.220000000000000140e-02
8.999999999999999320e-03
2.200000000000000133e-03
8.000000000000000383e-04
5.999999999999999474e-04
0.000000000000000000e+00
0.000000000000000000e+00
0.000000000000000000e+00
0.000000000000000000e+00
2.000000000000000096e-04
3.599999999999999901e-03
6.119999999999999746e-02
8.780000000000000304e-02
8.999999999999999320e-03
4.400000000000000265e-03
4.199999999999999740e-03
4.599999999999999922e-03
3.799999999999999992e-03
6.400000000000000307e-03
5.400000000000000286e-03
5.000000000000000104e-03
5.000000000000000104e-03
4.199999999999999740e-03
4.799999999999999580e-03
2.399999999999999790e-03
1.760000000000000106e-02
5.419999999999999818e-02
5.619999999999999996e-02
5.040000000000000036e-02
4.479999999999999954e-02
4.059999999999999720e-02
3.699999999999999817e-02
3.799999999999999906e-02
2.620000000000000107e-02
2.139999999999999888e-02
1.559999999999999928e-02
7.799999999999999642e-03
0.000000000000000000e+00
0.000000000000000000e+00
0.000000000000000000e+00
0.000000000000000000e+00
0.000000000000000000e+00
2.000000000000000096e-04
1.039999999999999952e-02
7.879999999999999505e-02
3.359999999999999792e-02
5.000000000000000104e-03
4.599999999999999922e-03
3.799999999999999992e-03
2.160000000000000114e-02
7.380000000000000449e-02
7.900000000000000078e-02
6.919999999999999762e-02
6.320000000000000617e-02
5.480000000000000149e-02
4.739999999999999769e-02
4.200000000000000261e-02
4.320000000000000229e-02
4.599999999999999922e-02
2.620000000000000107e-02
1.660000000000000017e-02
1.340000000000000045e-02
1.119999999999999989e-02
7.799999999999999642e-03
7.799999999999999642e-03
6.400000000000000307e-03
4.799999999999999580e-03
5.799999999999999600e-03
1.140000000000000041e-02
0.000000000000000000e+00
0.000000000000000000e+00
0.000000000000000000e+00
0.000000000000000000e+00
0.000000000000000000e+00
0.000000000000000000e+00
1.199999999999999895e-03
4.660000000000000253e-02
7.779999999999999416e-02
6.800000000000000488e-02
6.579999999999999738e-02
5.779999999999999721e-02
5.940000000000000141e-02
6.500000000000000222e-02
3.599999999999999728e-02
2.139999999999999888e-02
1.720000000000000001e-02
1.600000000000000033e-02
1.179999999999999973e-02
3.399999999999999811e-03
0.000000000000000000e+00
0.000000000000000000e+00
0.000000000000000000e+00
0.000000000000000000e+00
0.000000000000000000e+00
0.000000000000000000e+00
0.000000000000000000e+00
0.000000000000000000e+00
0.000000000000000000e+00
0.000000000000000000e+00
0.000000000000000000e+00
4.400000000000000265e-03
0.000000000000000000e+00
0.000000000000000000e+00
0.000000000000000000e+00
0.000000000000000000e+00
0.000000000000000000e+00
0.000000000000000000e+00
0.000000000000000000e+00
1.600000000000000077e-03
1.200000000000000025e-02
1.919999999999999832e-02
2.220000000000000098e-02
5.400000000000000286e-03
2.000000000000000096e-04
0.000000000000000000e+00
0.000000000000000000e+00
0.000000000000000000e+00
0.000000000000000000e+00
0.000000000000000000e+00
0.000000000000000000e+00
0.000000000000000000e+00
0.000000000000000000e+00
0.000000000000000000e+00
0.000000000000000000e+00
0.000000000000000000e+00
0.000000000000000000e+00
0.000000000000000000e+00
0.000000000000000000e+00
0.000000000000000000e+00
0.000000000000000000e+00
0.000000000000000000e+00
0.000000000000000000e+00
0.000000000000000000e+00
0.000000000000000000e+00
0.000000000000000000e+00
0.000000000000000000e+00
0.000000000000000000e+00
0.000000000000000000e+00
2.000000000000000096e-04
2.000000000000000096e-04
2.000000000000000096e-04
4.000000000000000192e-04
5.000000000000000104e-03
1.899999999999999953e-02
8.200000000000000691e-03
2.000000000000000042e-03
4.000000000000000192e-04
2.000000000000000096e-04
0.000000000000000000e+00
0.000000000000000000e+00
0.000000000000000000e+00
0.000000000000000000e+00
0.000000000000000000e+00
0.000000000000000000e+00
0.000000000000000000e+00
0.000000000000000000e+00
0.000000000000000000e+00
0.000000000000000000e+00
0.000000000000000000e+00
0.000000000000000000e+00
0.000000000000000000e+00
0.000000000000000000e+00
0.000000000000000000e+00
0.000000000000000000e+00
0.000000000000000000e+00
