8.671973914702464084e-06
9.539171306172710492e-05
1.248764243717154828e-03
1.083996739337808010e-04
7.371177827497094471e-05
1.127356608911320331e-04
7.371177827497094471e-05
7.371177827497094471e-05
1.344155956778882069e-04
2.202681374334426040e-03
2.406472761329933770e-03
1.517595435072931350e-04
2.167993478675616021e-05
1.734394782940492817e-05
7.804776523232217675e-05
2.220025322163830805e-03
2.462840591775500125e-03
2.254713217822640662e-04
1.734394782940492817e-04
2.298073087396153118e-04
1.907834261234542098e-04
1.864474391661029914e-04
1.907834261234542098e-04
1.387515826352394253e-04
1.474235565499418894e-04
2.037913869955079195e-04
2.081273739528591380e-04
2.254713217822640662e-04
1.821114522087517458e-04
1.907834261234542098e-04
1.734394782940492817e-04
1.083996739337808010e-04
8.671973914702464084e-06
1.777754652514005273e-04
2.588584213538685543e-03
1.864474391661029914e-04
1.300796087205369613e-04
1.734394782940492817e-04
1.517595435072931350e-04
1.083996739337808010e-04
3.815668522469084197e-04
4.834625457446624364e-03
2.380456839585826621e-03
1.083996739337808010e-04
1.300796087205369613e-05
6.070381740291725536e-05
2.011897948210971884e-03
4.561458279133496704e-03
2.432488683074041352e-03
2.037913869955079195e-04
2.644952043984251681e-04
3.512149435454498089e-04
3.035190870145862700e-04
3.078550739719375156e-04
3.251990218013424438e-04
2.688311913557764137e-04
2.514872435263714855e-04
3.382069826733961264e-04
3.165270478866399526e-04
2.948471130998837788e-04
3.165270478866399526e-04
3.251990218013424438e-04
2.471512565690202399e-04
1.430875695925906709e-04
1.300796087205369613e-05
1.777754652514005273e-04
2.766359678790086124e-03
2.167993478675616021e-04
1.821114522087517458e-04
2.471512565690202399e-04
1.864474391661029914e-04
1.517595435072931350e-04
4.812945522659867973e-04
5.281232114053800546e-03
4.249267218204207672e-04
2.601592174410739225e-05
1.300796087205369613e-05
2.211353348249128477e-04
4.357666892137988107e-03
2.553896317879876011e-03
2.341432956969665303e-04
2.211353348249128477e-04
3.078550739719375156e-04
4.032467870336645934e-04
4.466066566071769410e-04
4.379346826924744498e-04
3.902388261616109109e-04
3.815668522469084197e-04
3.251990218013424438e-04
3.859028392042596653e-04
3.989108000763133479e-04
4.032467870336645934e-04
3.382069826733961264e-04
2.731671783131276593e-04
2.341432956969665303e-04
1.300796087205369613e-04
1.300796087205369613e-05
1.517595435072931350e-04
2.840071457065057245e-03
2.428152696116690214e-04
2.341432956969665303e-04
3.382069826733961264e-04
2.818391522278300963e-04
2.254713217822640662e-04
5.376623827115528274e-04
5.545727318452225822e-03
3.685588913748547371e-04
8.671973914702464084e-06
7.371177827497094471e-05
2.181001439547669649e-03
4.401026761711500888e-03
4.119187609483670846e-04
2.428152696116690214e-04
3.468789565880985633e-04
3.772308652895572283e-04
3.295350087586936352e-04
3.468789565880985633e-04
4.856305392233380429e-04
4.466066566071769410e-04
3.859028392042596653e-04
3.642229044175034915e-04
3.642229044175034915e-04
4.292627087777720128e-04
4.466066566071769410e-04
3.772308652895572283e-04
3.078550739719375156e-04
2.211353348249128477e-04
1.387515826352394253e-04
1.300796087205369613e-05
1.907834261234542098e-04
3.043862844060564975e-03
2.167993478675616021e-04
2.037913869955079195e-04
2.601592174410739225e-04
3.078550739719375156e-04
2.428152696116690214e-04
6.113741609865237315e-04
5.914286209827080559e-03
4.162547479057182760e-04
8.238375218967340880e-05
2.029241896040376650e-03
4.279619126905666662e-03
2.319753022182909075e-03
2.644952043984251681e-04
2.948471130998837788e-04
3.685588913748547371e-04
4.249267218204207672e-04
3.945748131189621565e-04
4.943025131380404799e-04
4.552786305218793779e-04
4.466066566071769410e-04
4.422706696498256954e-04
4.596146174792306235e-04
4.682865913939330605e-04
5.376623827115528274e-04
4.943025131380404799e-04
4.422706696498256954e-04
3.468789565880985633e-04
2.775031652704788507e-04
1.647675043793468176e-04
1.734394782940492817e-05
1.907834261234542098e-04
3.304022061501639060e-03
1.808106561215463938e-03
2.601592174410739225e-04
2.688311913557764137e-04
2.514872435263714855e-04
1.951194130808054554e-04
6.634060044747385702e-04
6.282845101201935296e-03
4.509426435645281324e-04
2.644952043984251681e-04
4.158211492099831569e-03
2.198345387377074849e-03
1.907834261234542098e-04
1.951194130808054554e-04
2.905111261425325875e-04
3.512149435454498089e-04
3.945748131189621565e-04
4.899665261806892885e-04
4.899665261806892885e-04
4.639506044365818691e-04
4.856305392233380429e-04
5.073104740100941625e-04
5.506703435836065100e-04
6.027021870718212403e-04
6.070381740291725401e-04
5.203184348821478450e-04
4.726225783512843061e-04
3.728948783322059827e-04
3.295350087586936352e-04
1.951194130808054554e-04
1.300796087205369613e-05
6.503980436026848063e-05
1.751738730769897799e-03
3.737620757236762101e-03
3.468789565880985633e-04
2.731671783131276593e-04
2.514872435263714855e-04
2.428152696116690214e-04
7.457897566644119654e-04
6.547340305600360573e-03
5.333263957542015276e-04
2.007561961253620693e-03
4.106179648611617272e-03
3.642229044175034915e-04
1.821114522087517458e-04
2.384792826543177759e-04
3.425429696307473720e-04
3.425429696307473720e-04
3.772308652895572283e-04
5.419983696689040188e-04
5.116464609674454623e-04
6.200461349012262226e-04
6.200461349012262226e-04
5.723502783703626837e-04
5.680142914130113839e-04
6.417260696879823964e-04
5.636783044556601925e-04
5.116464609674454623e-04
4.379346826924744498e-04
3.555509305028010545e-04
3.121910609292887070e-04
1.864474391661029914e-04
4.335986957351232042e-06
1.734394782940492817e-05
2.514872435263714855e-04
3.919732209445514308e-03
4.119187609483670846e-04
2.211353348249128477e-04
2.471512565690202399e-04
2.124633609102103836e-04
5.983662001144700489e-04
6.907227223060512927e-03
3.559845291985361520e-03
3.876372339872001527e-03
2.150649530846211310e-03
1.907834261234542098e-04
2.428152696116690214e-04
3.295350087586936352e-04
3.468789565880985633e-04
3.512149435454498089e-04
4.639506044365818691e-04
5.419983696689040188e-04
5.159824479247966536e-04
6.373900827306310966e-04
5.983662001144700489e-04
5.419983696689040188e-04
5.376623827115528274e-04
5.073104740100941625e-04
5.463343566262553186e-04
5.723502783703626837e-04
4.422706696498256954e-04
3.555509305028010545e-04
3.035190870145862700e-04
1.777754652514005273e-04
8.671973914702464084e-06
2.167993478675616021e-05
3.512149435454498089e-04
4.101843661654266081e-03
4.812945522659867973e-04
2.341432956969665303e-04
2.948471130998837788e-04
2.644952043984251681e-04
5.896942261997675577e-04
6.235149244671072191e-03
7.817784484104271792e-03
3.954420105104323839e-03
3.859028392042596653e-04
1.864474391661029914e-04
1.864474391661029914e-04
3.208630348439911982e-04
4.032467870336645934e-04
4.032467870336645934e-04
4.596146174792306235e-04
5.029744870527429711e-04
4.769585653086355517e-04
5.419983696689040188e-04
5.896942261997675577e-04
5.506703435836065100e-04
5.506703435836065100e-04
4.856305392233380429e-04
5.246544218394991448e-04
4.986385000953916713e-04
3.512149435454498089e-04
3.078550739719375156e-04
2.905111261425325875e-04
1.734394782940492817e-04
1.300796087205369613e-05
1.734394782940492817e-05
3.078550739719375156e-04
4.110515635568968464e-03
4.639506044365818691e-04
2.254713217822640662e-04
2.948471130998837788e-04
2.948471130998837788e-04
3.512149435454498089e-04
5.810222522850651749e-04
2.879095339681218401e-03
5.558735279324279396e-03
5.836238444594758247e-03
3.082886726676726131e-03
5.940302131571188575e-04
3.208630348439911982e-04
2.905111261425325875e-04
3.208630348439911982e-04
3.251990218013424438e-04
3.078550739719375156e-04
3.251990218013424438e-04
4.032467870336645934e-04
3.772308652895572283e-04
3.815668522469084197e-04
4.986385000953916713e-04
5.029744870527429711e-04
5.203184348821478450e-04
4.335986957351232042e-04
3.425429696307473720e-04
3.295350087586936352e-04
2.905111261425325875e-04
1.517595435072931350e-04
1.734394782940492817e-05
1.734394782940492817e-05
3.295350087586936352e-04
4.283955113863017854e-03
4.639506044365818691e-04
2.905111261425325875e-04
3.468789565880985633e-04
3.251990218013424438e-04
3.251990218013424438e-04
2.471512565690202399e-04
3.338709957160448808e-04
5.636783044556601925e-04
3.208630348439911982e-03
6.564684253429765338e-03
7.050314792653103978e-03
3.633557070260332641e-03
5.853582392424163663e-04
6.200461349012262226e-04
5.636783044556601925e-04
4.726225783512843061e-04
2.861751391851813419e-04
2.558232304837227311e-04
2.775031652704788507e-04
3.338709957160448808e-04
4.552786305218793779e-04
5.203184348821478450e-04
4.379346826924744498e-04
3.728948783322059827e-04
3.642229044175034915e-04
3.165270478866399526e-04
2.688311913557764137e-04
1.864474391661029914e-04
1.734394782940492817e-05
1.300796087205369613e-05
3.728948783322059827e-04
4.578802226962901470e-03
4.552786305218793779e-04
3.338709957160448808e-04
3.989108000763133479e-04
4.379346826924744498e-04
4.986385000953916713e-04
4.552786305218793779e-04
3.989108000763133479e-04
2.558232304837227311e-04
3.251990218013424438e-04
6.720779783894409529e-04
3.763636678980869683e-03
7.310474010094178063e-03
7.427545657942661098e-03
7.050314792653103978e-03
5.914286209827080559e-03
4.483410513901174392e-03
2.120297622144752536e-03
4.292627087777720128e-04
2.428152696116690214e-04
2.514872435263714855e-04
3.598869174601523001e-04
3.859028392042596653e-04
3.598869174601523001e-04
4.726225783512843061e-04
3.989108000763133479e-04
3.121910609292887070e-04
2.341432956969665303e-04
1.474235565499418894e-04
3.035190870145862768e-05
3.468789565880985633e-05
2.644952043984251681e-04
4.730561770470194036e-03
2.553896317879876011e-03
4.162547479057182760e-04
4.422706696498256954e-04
5.593423174983090012e-04
5.550063305409577014e-04
4.943025131380404799e-04
6.027021870718212403e-04
5.333263957542015276e-04
4.379346826924744498e-04
3.338709957160448808e-04
4.032467870336645934e-04
7.067658740482508093e-04
1.599979187262604800e-03
3.850356418127894378e-03
5.133808557503859171e-03
4.886657300934838660e-03
5.060096779228888050e-03
4.695873874811384505e-03
2.272057165652045536e-03
2.861751391851813419e-04
2.081273739528591380e-04
2.731671783131276593e-04
3.815668522469084197e-04
3.859028392042596653e-04
3.121910609292887070e-04
2.731671783131276593e-04
1.907834261234542098e-04
1.170716478484832651e-04
1.734394782940492817e-05
2.167993478675616021e-05
9.539171306172710492e-05
2.571240265709280777e-03
5.294240074925854987e-03
6.113741609865237315e-04
4.726225783512843061e-04
5.983662001144700489e-04
6.460620566453335878e-04
6.287181088159287138e-04
6.503980436026848876e-04
6.157101479438750313e-04
5.983662001144700489e-04
5.073104740100941625e-04
4.639506044365818691e-04
4.379346826924744498e-04
4.032467870336645934e-04
4.119187609483670846e-04
2.241705256950587196e-03
4.851969405276029129e-03
3.013510935359106635e-03
3.338709957160449025e-03
5.090448687930346390e-03
2.384792826543177813e-03
4.769585653086355517e-04
2.558232304837227311e-04
2.688311913557764137e-04
2.558232304837227311e-04
2.861751391851813419e-04
2.731671783131276593e-04
1.907834261234542098e-04
1.387515826352394253e-04
4.335986957351232042e-06
8.671973914702464084e-06
1.300796087205369613e-05
3.555509305028010545e-04
5.333263957542015710e-03
5.810222522850651749e-04
4.466066566071769410e-04
6.157101479438750313e-04
7.327817957923582828e-04
7.804776523232218217e-04
6.503980436026848876e-04
6.287181088159287138e-04
7.241098218776557916e-04
6.590700175173872704e-04
6.200461349012262226e-04
6.460620566453335878e-04
4.335986957351232042e-04
2.601592174410739225e-04
3.035190870145862700e-04
2.189673413462372466e-03
4.418370709540905654e-03
4.674193940024628548e-03
4.851969405276029129e-03
5.641119031513952900e-03
5.537055344537523439e-03
2.879095339681218401e-03
2.601592174410739225e-04
2.037913869955079195e-04
2.514872435263714855e-04
2.254713217822640662e-04
2.211353348249128477e-04
1.214076348058345107e-04
4.335986957351232042e-06
4.335986957351232042e-06
8.671973914702464084e-06
3.251990218013424438e-04
5.372287840158176432e-03
7.197738349203046003e-04
4.509426435645281324e-04
6.373900827306310966e-04
7.718056784085193306e-04
8.802053523423001994e-04
7.284458088350069830e-04
6.850859392614947439e-04
7.327817957923582828e-04
7.587977175364656480e-04
7.241098218776557916e-04
7.067658740482508093e-04
6.330540957732799052e-04
5.246544218394991448e-04
3.035190870145862700e-04
3.555509305028010545e-04
4.726225783512843061e-04
1.877482352533083650e-03
4.145203531227777995e-03
2.597256187453387925e-03
3.715940822450006144e-03
6.252493192500476957e-03
2.840071457065057245e-03
3.165270478866399526e-04
2.124633609102103836e-04
1.344155956778882069e-04
1.474235565499418894e-04
9.105572610437587288e-05
4.335986957351232042e-06
4.335986957351232042e-06
1.300796087205369613e-05
2.991831000572350244e-04
5.333263957542015710e-03
7.284458088350069830e-04
5.029744870527429711e-04
6.503980436026848876e-04
7.674696914511681392e-04
9.409091697452174208e-04
9.062212740864075645e-04
8.628614045128952170e-04
8.541894305981927258e-04
8.802053523423001994e-04
8.368454827687878518e-04
8.021575871099779955e-04
7.761416653658706304e-04
6.677419914320897616e-04
5.593423174983090012e-04
4.682865913939330605e-04
2.948471130998837788e-04
3.165270478866399526e-04
1.691034913366980686e-03
2.944135144041486706e-03
3.108902648420833713e-03
3.256326204970775521e-03
5.229200270565586249e-03
4.015123922507241386e-03
3.035190870145862700e-04
1.344155956778882069e-04
1.517595435072931350e-04
9.105572610437587288e-05
4.335986957351232042e-06
8.671973914702464084e-06
2.601592174410739225e-05
2.775031652704788507e-04
5.172832440120019894e-03
6.200461349012262226e-04
4.812945522659867973e-04
6.070381740291725401e-04
7.978216001526266957e-04
9.409091697452174208e-04
9.105572610437587559e-04
9.582531175746222948e-04
1.001612987148134751e-03
9.539171306172711034e-04
9.105572610437587559e-04
8.455174566834903430e-04
7.761416653658706304e-04
7.067658740482508093e-04
6.547340305600360790e-04
5.376623827115528274e-04
5.116464609674454623e-04
3.859028392042596653e-04
2.818391522278300963e-04
1.257436217631857428e-03
3.538165357198605563e-03
2.775031652704788507e-04
1.764746691641951590e-03
5.263888166224395780e-03
3.251990218013424438e-04
1.474235565499418894e-04
9.539171306172710492e-05
7.371177827497094471e-05
4.335986957351232042e-06
1.734394782940492817e-05
3.035190870145862768e-05
2.991831000572350244e-04
5.164160466205317511e-03
5.419983696689040188e-04
4.249267218204207672e-04
5.853582392424163663e-04
7.631337044938168394e-04
8.975493001717050733e-04
9.322371958305149297e-04
9.322371958305149297e-04
9.322371958305149297e-04
1.031964895849593307e-03
1.036300882806944499e-03
8.671973914702464084e-04
7.674696914511681392e-04
7.891496262379243129e-04
6.417260696879823964e-04
6.980939001335484265e-04
6.503980436026848876e-04
5.073104740100941625e-04
3.382069826733961264e-04
4.769585653086355517e-04
3.650901018089737406e-03
1.725722809025790434e-03
3.512149435454498089e-04
4.786929600915760391e-03
4.205907348630695216e-04
1.560955304646443535e-04
1.127356608911320331e-04
9.105572610437587288e-05
4.335986957351232042e-06
8.671973914702464084e-06
1.300796087205369613e-05
3.382069826733961264e-04
5.337599944499366901e-03
5.419983696689040188e-04
3.989108000763133479e-04
5.246544218394991448e-04
7.024298870908996179e-04
8.541894305981927258e-04
9.539171306172711034e-04
9.625891045319735946e-04
9.105572610437587559e-04
1.014620948020188325e-03
1.092668713252510637e-03
8.715333784275977082e-04
7.891496262379243129e-04
8.455174566834903430e-04
7.761416653658706304e-04
8.281735088540853607e-04
7.631337044938168394e-04
5.896942261997675577e-04
4.812945522659867973e-04
2.991831000572350244e-04
1.981546039509513111e-03
3.512149435454497981e-03
4.292627087777720128e-04
4.318643009521827385e-03
4.379346826924744498e-04
1.257436217631857428e-04
9.539171306172710492e-05
9.539171306172710492e-05
8.671973914702464084e-06
8.671973914702464084e-06
1.734394782940492817e-05
2.861751391851813419e-04
5.350607905371420475e-03
2.844407444022408436e-03
3.815668522469084197e-04
4.509426435645281324e-04
6.373900827306310966e-04
8.758693653849488996e-04
1.005948974105485942e-03
1.066652791508403055e-03
9.235652219158124385e-04
9.582531175746222948e-04
1.031964895849593307e-03
9.495811436599199120e-04
7.978216001526266957e-04
8.151655479820316781e-04
8.281735088540853607e-04
9.062212740864075645e-04
7.414537697070607740e-04
5.983662001144700489e-04
5.593423174983090012e-04
2.558232304837227311e-04
3.772308652895572283e-04
3.221638309311965556e-03
2.046585843869781849e-03
4.257939192118909838e-03
3.859028392042596653e-04
9.105572610437587288e-05
1.127356608911320331e-04
1.040636869764295690e-04
4.335986957351232042e-06
4.335986957351232042e-06
4.335986957351232042e-06
1.040636869764295690e-04
2.705655861387169011e-03
5.515375409750767483e-03
6.590700175173872704e-04
4.162547479057182760e-04
5.810222522850651749e-04
8.195015349393828695e-04
9.062212740864075645e-04
9.495811436599199120e-04
1.023292921934890925e-03
1.023292921934890925e-03
9.539171306172711034e-04
9.192292349584612471e-04
7.544617305791144566e-04
7.371177827497094742e-04
8.281735088540853607e-04
9.886050262760809598e-04
7.197738349203046003e-04
6.200461349012262226e-04
5.419983696689040188e-04
3.989108000763133479e-04
3.035190870145862700e-04
1.569627278561146026e-03
3.963092079019026222e-03
4.713217822640789270e-03
3.165270478866399526e-04
1.257436217631857428e-04
1.083996739337808010e-04
8.671973914702464084e-05
4.335986957351232042e-06
8.671973914702464084e-06
2.601592174410739225e-05
3.902388261616108838e-05
3.121910609292887070e-04
5.172832440120019894e-03
6.460620566453335878e-04
4.292627087777720128e-04
6.894219262188459353e-04
8.585254175555440256e-04
9.279012088731637383e-04
9.669250914893247860e-04
1.014620948020188325e-03
9.495811436599199120e-04
8.975493001717050733e-04
7.674696914511681392e-04
6.503980436026848876e-04
6.937579131761971267e-04
7.327817957923582828e-04
8.498534436408415344e-04
7.457897566644119654e-04
6.634060044747385702e-04
5.289904087968503362e-04
4.509426435645281324e-04
3.078550739719375156e-04
3.165270478866399526e-04
3.325701996288395017e-03
4.453058605199715185e-03
3.165270478866399526e-04
1.257436217631857428e-04
1.170716478484832651e-04
7.371177827497094471e-05
8.671973914702464084e-06
1.300796087205369613e-05
2.167993478675616021e-05
1.734394782940492817e-05
3.251990218013424438e-04
4.977713027039214547e-03
6.200461349012262226e-04
3.902388261616109109e-04
6.157101479438750313e-04
7.674696914511681392e-04
8.368454827687878518e-04
8.541894305981927258e-04
9.235652219158124385e-04
9.148932480011100557e-04
8.281735088540853607e-04
7.111018610056021091e-04
6.634060044747385702e-04
6.720779783894409529e-04
7.197738349203046003e-04
7.371177827497094742e-04
7.544617305791144566e-04
6.503980436026848876e-04
5.159824479247966536e-04
4.379346826924744498e-04
3.121910609292887070e-04
3.989108000763133479e-04
3.048198831017916166e-03
3.763636678980869683e-03
3.078550739719375156e-04
1.170716478484832651e-04
1.040636869764295690e-04
6.937579131761971267e-05
8.671973914702464084e-06
4.335986957351232042e-06
8.671973914702464084e-06
1.734394782940492817e-05
2.601592174410739225e-04
4.860641379190731512e-03
2.679639939643061429e-03
3.989108000763133479e-04
4.335986957351232042e-04
6.460620566453335878e-04
8.238375218967341693e-04
7.241098218776557916e-04
7.197738349203046003e-04
6.937579131761971267e-04
7.327817957923582828e-04
6.980939001335484265e-04
6.460620566453335878e-04
6.287181088159287138e-04
6.980939001335484265e-04
6.807499523041434441e-04
6.157101479438750313e-04
5.766862653277138751e-04
3.902388261616109109e-04
3.295350087586936352e-04
2.775031652704788507e-04
4.119187609483670846e-04
3.074214752762023748e-03
3.238982257141370322e-03
2.731671783131276593e-04
1.214076348058345107e-04
1.214076348058345107e-04
9.972770001907833696e-05
8.671973914702464084e-06
4.335986957351232042e-06
4.335986957351232042e-06
1.734394782940492817e-05
6.070381740291725536e-05
2.328424996097611891e-03
4.847633418318677938e-03
6.634060044747385702e-04
3.338709957160448808e-04
4.986385000953916713e-04
6.503980436026848876e-04
5.680142914130113839e-04
5.289904087968503362e-04
5.246544218394991448e-04
6.157101479438750313e-04
6.200461349012262226e-04
5.289904087968503362e-04
4.943025131380404799e-04
4.986385000953916713e-04
5.116464609674454623e-04
3.945748131189621565e-04
3.772308652895572283e-04
3.208630348439911982e-04
3.382069826733961264e-04
2.471512565690202399e-04
3.555509305028010545e-04
2.566904278751929586e-03
3.351717918032502599e-03
2.861751391851813419e-04
1.214076348058345107e-04
7.804776523232217675e-05
6.937579131761971267e-05
1.734394782940492817e-05
1.734394782940492817e-05
4.335986957351232042e-06
8.671973914702464084e-06
8.671973914702464084e-06
2.037913869955079195e-04
4.617826109579062192e-03
2.688311913557763812e-03
4.075827739910158390e-04
3.772308652895572283e-04
4.856305392233380429e-04
4.075827739910158390e-04
4.032467870336645934e-04
3.642229044175034915e-04
3.815668522469084197e-04
3.815668522469084197e-04
4.249267218204207672e-04
3.772308652895572283e-04
3.338709957160448808e-04
2.991831000572350244e-04
4.032467870336645934e-04
6.764139653467922527e-04
5.593423174983090012e-04
5.680142914130113839e-04
5.159824479247966536e-04
3.945748131189621565e-04
1.543611356817038661e-03
3.507813448497146790e-03
1.201068387186291289e-03
4.205907348630695216e-04
3.208630348439911982e-04
7.804776523232217675e-05
1.300796087205369613e-05
2.167993478675616021e-05
8.671973914702464084e-06
1.734394782940492817e-05
1.734394782940492817e-05
7.371177827497094471e-05
2.276393152609397161e-03
4.717553809598140462e-03
5.680142914130113839e-04
2.384792826543177759e-04
2.905111261425325875e-04
2.644952043984251681e-04
3.295350087586936352e-04
6.113741609865237315e-04
5.419983696689040188e-04
5.203184348821478450e-04
6.503980436026848876e-04
6.243821218585774140e-04
5.376623827115528274e-04
4.769585653086355517e-04
2.545224343965173195e-03
4.956033092252458590e-03
4.917009209636297000e-03
4.708881835683438079e-03
4.513762422602632732e-03
4.283955113863017854e-03
4.140867544270426803e-03
4.717553809598140462e-03
4.578802226962901470e-03
4.218915309502749116e-03
3.915396222488163117e-03
1.777754652514005164e-03
8.671973914702464084e-06
3.902388261616108838e-05
3.468789565880985633e-05
8.671973914702464084e-06
1.300796087205369613e-05
2.167993478675616021e-05
2.601592174410739225e-04
4.444386631285012802e-03
2.488856513519607273e-03
5.550063305409577014e-04
4.943025131380404799e-04
4.943025131380404799e-04
2.393464800457880196e-03
4.812945522659867539e-03
4.860641379190731512e-03
4.886657300934838660e-03
4.882321313977487469e-03
4.704545848726086887e-03
4.583138213920252661e-03
4.574466240005550279e-03
4.483410513901174392e-03
2.267721178694694344e-03
3.382069826733961264e-04
3.902388261616109109e-04
4.379346826924744498e-04
3.642229044175034915e-04
3.121910609292887070e-04
2.601592174410739225e-04
2.601592174410739225e-04
3.208630348439911982e-04
1.964202091680108345e-03
1.946858143850703363e-03
4.335986957351232042e-06
1.734394782940492817e-05
4.769585653086355246e-05
8.671973914702464084e-06
8.671973914702464084e-06
2.167993478675616021e-05
6.937579131761971267e-05
2.081273739528591380e-03
4.383682813882096123e-03
4.492082487815876775e-03
4.309971035607125002e-03
4.305635048649773811e-03
4.431378670412959228e-03
2.389128813500529004e-03
3.685588913748547371e-04
3.425429696307473720e-04
3.598869174601523001e-04
3.425429696307473720e-04
2.775031652704788507e-04
2.818391522278300963e-04
2.341432956969665303e-04
1.127356608911320331e-04
5.636783044556601654e-05
4.769585653086355246e-05
5.636783044556601654e-05
3.468789565880985633e-05
4.769585653086355246e-05
4.769585653086355246e-05
1.734394782940492817e-05
3.902388261616108838e-05
4.769585653086355246e-05
6.937579131761971267e-05
4.335986957351232042e-06
4.335986957351232042e-06
3.902388261616108838e-05
1.734394782940492817e-05
8.671973914702464084e-06
1.300796087205369613e-05
8.671973914702464084e-06
7.371177827497094471e-05
2.254713217822640662e-04
2.861751391851813419e-04
3.295350087586936352e-04
3.989108000763133479e-04
2.991831000572350244e-04
1.691034913366980632e-04
1.083996739337808010e-04
6.937579131761971267e-05
7.371177827497094471e-05
4.335986957351232042e-05
3.468789565880985633e-05
5.203184348821478450e-05
2.991831000572350244e-04
5.246544218394991448e-04
4.856305392233380429e-04
4.379346826924744498e-04
4.119187609483670846e-04
3.815668522469084197e-04
3.902388261616109109e-04
4.075827739910158390e-04
3.382069826733961264e-04
3.382069826733961264e-04
3.425429696307473720e-04
1.907834261234542098e-04
4.335986957351232042e-06
4.335986957351232042e-06
2.167993478675616021e-05
2.167993478675616021e-05
4.335986957351232042e-06
4.335986957351232042e-06
4.335986957351232042e-06
1.300796087205369613e-05
4.335986957351232042e-06
8.238375218967340880e-05
8.888773262570025821e-04
1.400523787224448044e-03
1.079660752380456846e-03
1.014620948020188325e-03
9.365731827878661210e-04
7.414537697070607740e-04
6.027021870718212403e-04
4.856305392233380429e-04
4.552786305218793779e-04
4.596146174792306235e-04
4.292627087777720128e-04
2.124633609102103836e-04
3.035190870145862768e-05
5.203184348821478450e-05
3.035190870145862768e-05
2.167993478675616021e-05
2.167993478675616021e-05
2.601592174410739225e-05
2.601592174410739225e-05
1.734394782940492817e-05
2.167993478675616021e-05
1.300796087205369613e-05
