1.480000000000000066e-02
1.460000000000000013e-02
1.400000000000000029e-02
1.039999999999999952e-02
8.600000000000000006e-03
8.999999999999999320e-03
2.139999999999999888e-02
4.080000000000000293e-02
5.600000000000000117e-02
8.140000000000000013e-02
7.960000000000000409e-02
6.740000000000000158e-02
5.800000000000000294e-02
5.160000000000000003e-02
4.019999999999999962e-02
3.699999999999999817e-02
3.139999999999999736e-02
2.699999999999999969e-02
3.719999999999999696e-02
6.579999999999999738e-02
6.079999999999999988e-02
2.120000000000000009e-02
6.000000000000000125e-03
2.200000000000000133e-03
2.599999999999999881e-02
1.779999999999999985e-02
1.700000000000000122e-02
1.379999999999999977e-02
9.199999999999999845e-03
6.199999999999999782e-03
5.599999999999999943e-03
1.082000000000000045e-01
2.567999999999999727e-01
6.980000000000000093e-02
5.040000000000000036e-02
5.079999999999999793e-02
4.819999999999999979e-02
4.420000000000000318e-02
3.520000000000000212e-02
3.679999999999999938e-02
3.180000000000000188e-02
2.179999999999999993e-02
1.980000000000000163e-02
3.819999999999999785e-02
4.819999999999999979e-02
2.040000000000000147e-02
1.199999999999999895e-03
5.999999999999999474e-04
4.019999999999999962e-02
1.859999999999999848e-02
1.959999999999999937e-02
1.600000000000000033e-02
1.159999999999999920e-02
1.179999999999999973e-02
8.719999999999999973e-02
3.518000000000000016e-01
4.067999999999999949e-01
4.179999999999999688e-02
3.620000000000000301e-02
4.000000000000000083e-02
3.640000000000000180e-02
3.379999999999999671e-02
2.840000000000000163e-02
2.460000000000000034e-02
2.580000000000000002e-02
2.160000000000000114e-02
1.959999999999999937e-02
1.720000000000000001e-02
2.800000000000000058e-02
3.599999999999999728e-02
1.859999999999999848e-02
2.000000000000000042e-03
6.219999999999999835e-02
2.299999999999999961e-02
1.559999999999999928e-02
1.679999999999999896e-02
1.600000000000000033e-02
1.760000000000000106e-02
3.227999999999999758e-01
5.467999999999999527e-01
3.930000000000000160e-01
3.640000000000000180e-02
3.300000000000000155e-02
2.999999999999999889e-02
2.680000000000000090e-02
2.199999999999999872e-02
2.220000000000000098e-02
2.419999999999999929e-02
1.859999999999999848e-02
2.060000000000000026e-02
1.679999999999999896e-02
1.260000000000000009e-02
1.779999999999999985e-02
4.599999999999999922e-02
4.859999999999999737e-02
3.399999999999999811e-03
1.635999999999999954e-01
5.539999999999999786e-02
2.560000000000000123e-02
1.185999999999999971e-01
2.601999999999999869e-01
1.648000000000000020e-01
3.321999999999999953e-01
4.255999999999999783e-01
2.730000000000000204e-01
2.520000000000000018e-02
2.539999999999999897e-02
2.280000000000000082e-02
2.000000000000000042e-02
1.379999999999999977e-02
1.499999999999999944e-02
2.060000000000000026e-02
1.260000000000000009e-02
1.420000000000000082e-02
2.239999999999999977e-02
2.160000000000000114e-02
1.260000000000000009e-02
1.760000000000000106e-02
3.259999999999999704e-02
2.599999999999999881e-03
5.565999999999999837e-01
5.128000000000000336e-01
3.287999999999999812e-01
3.270000000000000129e-01
3.741999999999999771e-01
3.114000000000000101e-01
3.276000000000000023e-01
2.783999999999999808e-01
8.619999999999999885e-02
1.239999999999999956e-02
1.619999999999999912e-02
1.839999999999999969e-02
1.140000000000000041e-02
7.799999999999999642e-03
7.799999999999999642e-03
1.359999999999999924e-02
2.599999999999999881e-02
2.779999999999999832e-02
2.779999999999999832e-02
2.460000000000000034e-02
1.480000000000000066e-02
1.379999999999999977e-02
2.639999999999999986e-02
1.080000000000000057e-02
4.218000000000000083e-01
2.567999999999999727e-01
1.365999999999999992e-01
8.880000000000000393e-02
4.900000000000000189e-02
1.439999999999999891e-01
3.496000000000000218e-01
1.117999999999999966e-01
7.799999999999999642e-03
1.000000000000000021e-02
1.379999999999999977e-02
1.519999999999999997e-02
5.799999999999999600e-03
8.500000000000000611e-02
2.893999999999999906e-01
3.088000000000000189e-01
3.437999999999999945e-01
2.101999999999999980e-01
5.260000000000000092e-02
2.740000000000000074e-02
1.820000000000000090e-02
1.020000000000000073e-02
1.820000000000000090e-02
2.759999999999999953e-02
3.200000000000000067e-01
8.580000000000000127e-02
4.179999999999999688e-02
2.060000000000000026e-02
8.200000000000000691e-03
6.079999999999999988e-02
3.724000000000000088e-01
3.522000000000000131e-01
3.323999999999999733e-01
3.227999999999999758e-01
3.114000000000000101e-01
2.908000000000000029e-01
2.520000000000000018e-01
2.656000000000000028e-01
3.575999999999999734e-01
3.618000000000000105e-01
2.983999999999999986e-01
1.096000000000000030e-01
4.039999999999999841e-02
2.879999999999999921e-02
2.199999999999999872e-02
1.080000000000000057e-02
5.799999999999999600e-03
2.019999999999999921e-02
4.208000000000000074e-01
2.482000000000000040e-01
1.474000000000000032e-01
1.232000000000000040e-01
6.640000000000000069e-02
4.159999999999999809e-02
1.423999999999999988e-01
1.603999999999999870e-01
1.497999999999999887e-01
1.459999999999999909e-01
1.390000000000000124e-01
1.170000000000000068e-01
9.039999999999999425e-02
7.660000000000000142e-02
1.681999999999999884e-01
2.466000000000000136e-01
1.068000000000000060e-01
4.039999999999999841e-02
3.339999999999999913e-02
2.900000000000000147e-02
2.160000000000000114e-02
1.239999999999999956e-02
6.000000000000000125e-03
7.599999999999999985e-03
6.250000000000000000e-01
5.946000000000000174e-01
3.760000000000000009e-01
3.479999999999999760e-01
3.207999999999999741e-01
2.466000000000000136e-01
1.137999999999999984e-01
1.018000000000000016e-01
9.779999999999999805e-02
9.160000000000000087e-02
8.200000000000000344e-02
7.599999999999999811e-02
1.236000000000000015e-01
2.511999999999999789e-01
2.893999999999999906e-01
1.300000000000000044e-01
4.139999999999999930e-02
4.499999999999999833e-02
4.039999999999999841e-02
2.920000000000000026e-02
2.319999999999999840e-02
1.400000000000000029e-02
4.199999999999999740e-03
2.399999999999999790e-03
2.127999999999999892e-01
1.087999999999999939e-01
5.559999999999999665e-02
3.819999999999999785e-02
1.250000000000000000e-01
3.237999999999999767e-01
3.168000000000000260e-01
3.088000000000000189e-01
3.034000000000000030e-01
2.849999999999999756e-01
2.666000000000000036e-01
2.500000000000000000e-01
2.462000000000000022e-01
3.029999999999999916e-01
2.119999999999999940e-01
4.639999999999999680e-02
5.040000000000000036e-02
4.760000000000000342e-02
4.359999999999999987e-02
3.280000000000000276e-02
2.500000000000000139e-02
1.679999999999999896e-02
5.000000000000000104e-03
1.600000000000000077e-03
1.160000000000000059e-01
7.960000000000000409e-02
6.160000000000000198e-02
5.260000000000000092e-02
4.440000000000000197e-02
6.239999999999999714e-02
5.260000000000000092e-02
5.279999999999999971e-02
5.800000000000000294e-02
4.880000000000000310e-02
3.880000000000000115e-02
2.779999999999999832e-02
8.459999999999999465e-02
1.827999999999999903e-01
9.619999999999999385e-02
4.519999999999999712e-02
4.680000000000000132e-02
4.760000000000000342e-02
4.279999999999999777e-02
3.559999999999999970e-02
2.639999999999999986e-02
1.660000000000000017e-02
5.799999999999999600e-03
2.799999999999999972e-03
8.799999999999999489e-02
7.159999999999999698e-02
6.060000000000000109e-02
5.700000000000000205e-02
4.819999999999999979e-02
4.680000000000000132e-02
4.660000000000000253e-02
4.880000000000000310e-02
5.240000000000000213e-02
5.140000000000000124e-02
4.639999999999999680e-02
4.240000000000000019e-02
4.340000000000000108e-02
5.439999999999999697e-02
3.799999999999999906e-02
4.200000000000000261e-02
4.200000000000000261e-02
4.499999999999999833e-02
3.880000000000000115e-02
2.879999999999999921e-02
2.199999999999999872e-02
1.460000000000000013e-02
5.599999999999999943e-03
2.200000000000000133e-03
7.439999999999999392e-02
6.219999999999999835e-02
5.199999999999999761e-02
4.760000000000000342e-02
4.639999999999999680e-02
4.660000000000000253e-02
4.780000000000000221e-02
5.020000000000000157e-02
5.000000000000000278e-02
4.760000000000000342e-02
4.800000000000000100e-02
4.499999999999999833e-02
4.440000000000000197e-02
4.200000000000000261e-02
4.120000000000000051e-02
4.379999999999999866e-02
4.200000000000000261e-02
4.059999999999999720e-02
3.579999999999999849e-02
2.460000000000000034e-02
2.160000000000000114e-02
1.480000000000000066e-02
4.000000000000000083e-03
1.799999999999999951e-03
5.680000000000000326e-02
5.480000000000000149e-02
4.859999999999999737e-02
4.700000000000000011e-02
4.859999999999999737e-02
4.479999999999999954e-02
4.540000000000000285e-02
4.639999999999999680e-02
5.079999999999999793e-02
4.639999999999999680e-02
4.760000000000000342e-02
4.880000000000000310e-02
4.399999999999999745e-02
3.880000000000000115e-02
3.760000000000000148e-02
3.620000000000000301e-02
3.459999999999999881e-02
3.139999999999999736e-02
3.400000000000000244e-02
2.580000000000000002e-02
1.959999999999999937e-02
1.600000000000000033e-02
6.799999999999999621e-03
2.000000000000000042e-03
4.939999999999999947e-02
4.700000000000000011e-02
4.179999999999999688e-02
4.340000000000000108e-02
4.139999999999999930e-02
4.320000000000000229e-02
4.200000000000000261e-02
3.960000000000000325e-02
4.460000000000000075e-02
4.399999999999999745e-02
4.420000000000000318e-02
4.599999999999999922e-02
4.200000000000000261e-02
3.500000000000000333e-02
3.579999999999999849e-02
3.440000000000000002e-02
3.459999999999999881e-02
3.379999999999999671e-02
3.160000000000000309e-02
2.759999999999999953e-02
1.799999999999999864e-02
1.480000000000000066e-02
5.599999999999999943e-03
1.399999999999999986e-03
4.120000000000000051e-02
4.059999999999999720e-02
3.679999999999999938e-02
3.899999999999999994e-02
3.500000000000000333e-02
3.420000000000000123e-02
3.719999999999999696e-02
3.699999999999999817e-02
3.740000000000000269e-02
3.880000000000000115e-02
4.019999999999999962e-02
3.860000000000000236e-02
4.200000000000000261e-02
3.860000000000000236e-02
3.099999999999999978e-02
2.960000000000000131e-02
2.860000000000000042e-02
3.119999999999999857e-02
2.840000000000000163e-02
2.460000000000000034e-02
1.880000000000000074e-02
1.619999999999999912e-02
7.000000000000000146e-03
2.000000000000000042e-03
3.139999999999999736e-02
3.300000000000000155e-02
2.999999999999999889e-02
3.059999999999999873e-02
3.359999999999999792e-02
2.879999999999999921e-02
2.599999999999999881e-02
2.539999999999999897e-02
2.920000000000000026e-02
3.640000000000000180e-02
3.559999999999999970e-02
3.259999999999999704e-02
3.420000000000000123e-02
2.999999999999999889e-02
2.719999999999999848e-02
2.800000000000000058e-02
2.620000000000000107e-02
2.639999999999999986e-02
2.299999999999999961e-02
1.919999999999999832e-02
1.559999999999999928e-02
1.499999999999999944e-02
5.599999999999999943e-03
1.399999999999999986e-03
1.859999999999999848e-02
2.100000000000000130e-02
2.340000000000000066e-02
2.199999999999999872e-02
2.520000000000000018e-02
2.500000000000000139e-02
1.959999999999999937e-02
2.199999999999999872e-02
2.179999999999999993e-02
2.620000000000000107e-02
2.659999999999999865e-02
2.680000000000000090e-02
2.460000000000000034e-02
2.539999999999999897e-02
2.539999999999999897e-02
2.460000000000000034e-02
2.280000000000000082e-02
2.199999999999999872e-02
2.040000000000000147e-02
2.120000000000000009e-02
1.420000000000000082e-02
1.179999999999999973e-02
4.799999999999999580e-03
1.399999999999999986e-03
1.299999999999999940e-02
1.340000000000000045e-02
1.700000000000000122e-02
1.919999999999999832e-02
1.980000000000000163e-02
1.980000000000000163e-02
1.919999999999999832e-02
1.919999999999999832e-02
1.700000000000000122e-02
1.820000000000000090e-02
2.120000000000000009e-02
2.280000000000000082e-02
2.000000000000000042e-02
1.959999999999999937e-02
1.959999999999999937e-02
1.859999999999999848e-02
1.739999999999999880e-02
1.959999999999999937e-02
1.700000000000000122e-02
1.899999999999999953e-02
1.619999999999999912e-02
9.799999999999999684e-03
4.599999999999999922e-03
1.600000000000000077e-03
7.799999999999999642e-03
8.800000000000000530e-03
1.319999999999999993e-02
1.619999999999999912e-02
1.739999999999999880e-02
1.519999999999999997e-02
1.640000000000000138e-02
1.340000000000000045e-02
9.599999999999999159e-03
1.179999999999999973e-02
1.220000000000000077e-02
1.420000000000000082e-02
1.420000000000000082e-02
1.540000000000000049e-02
1.519999999999999997e-02
1.619999999999999912e-02
1.340000000000000045e-02
1.359999999999999924e-02
1.299999999999999940e-02
1.159999999999999920e-02
1.080000000000000057e-02
8.800000000000000530e-03
3.599999999999999901e-03
1.399999999999999986e-03
4.599999999999999922e-03
5.199999999999999761e-03
7.599999999999999985e-03
8.999999999999999320e-03
1.020000000000000073e-02
9.199999999999999845e-03
9.199999999999999845e-03
8.200000000000000691e-03
6.799999999999999621e-03
6.400000000000000307e-03
5.599999999999999943e-03
9.400000000000000369e-03
9.799999999999999684e-03
8.399999999999999481e-03
8.200000000000000691e-03
8.000000000000000167e-03
9.799999999999999684e-03
8.399999999999999481e-03
8.800000000000000530e-03
7.599999999999999985e-03
7.000000000000000146e-03
6.400000000000000307e-03
3.599999999999999901e-03
3.000000000000000062e-03
1.399999999999999986e-03
1.199999999999999895e-03
2.399999999999999790e-03
2.000000000000000042e-03
2.000000000000000042e-03
2.399999999999999790e-03
3.200000000000000153e-03
3.599999999999999901e-03
3.399999999999999811e-03
2.200000000000000133e-03
1.600000000000000077e-03
3.200000000000000153e-03
4.599999999999999922e-03
4.400000000000000265e-03
3.599999999999999901e-03
2.399999999999999790e-03
2.399999999999999790e-03
2.599999999999999881e-03
3.399999999999999811e-03
2.599999999999999881e-03
2.799999999999999972e-03
2.399999999999999790e-03
2.000000000000000042e-03
1.600000000000000077e-03
8.000000000000000383e-04
4.000000000000000192e-04
8.000000000000000383e-04
0.000000000000000000e+00
1.399999999999999986e-03
8.000000000000000383e-04
5.999999999999999474e-04
1.000000000000000021e-03
2.000000000000000042e-03
1.000000000000000021e-03
8.000000000000000383e-04
1.199999999999999895e-03
2.599999999999999881e-03
2.200000000000000133e-03
2.000000000000000042e-03
2.000000000000000042e-03
1.799999999999999951e-03
1.199999999999999895e-03
2.000000000000000042e-03
2.399999999999999790e-03
2.200000000000000133e-03
1.600000000000000077e-03
2.000000000000000042e-03
1.600000000000000077e-03
